1_2_826_0_1_3680043_2_966_20151014152551_416_748.jpg 0.481013 0.284211 0.501266 0.447368 0
1_2_826_0_1_3680043_2_966_20151014152623_416_753.jpg 0.537975 0.365789 0.605063 0.536842 0
1_2_826_0_1_3680043_2_966_20151014152744_416_763.jpg 0.503797 0.475000 0.653165 0.792105 0
1_2_826_0_1_3680043_2_966_20151014152806_416_768.jpg 0.563291 0.467105 0.549367 0.765789 0
1_2_826_0_1_3680043_2_966_20151014153020_416_773.jpg 0.374684 0.281579 0.415190 0.436842 0
1_2_826_0_1_3680043_2_966_20151014153625_416_783.jpg 0.412658 0.377632 0.658228 0.597368 0
1_2_826_0_1_3680043_2_966_20151014153953_416_788.jpg 0.525316 0.419737 0.696203 0.707895 0
1_2_826_0_1_3680043_2_966_20151014154613_416_793.jpg 0.556962 0.440789 0.693671 0.639474 0
1_2_826_0_1_3680043_2_966_20151113114655_532_260.jpg 0.536709 0.218421 0.344304 0.247368 0
1_2_826_0_1_3680043_2_966_20151113114711_532_265.jpg 0.445570 0.248684 0.364557 0.307895 0
1_2_826_0_1_3680043_2_966_20151113114736_532_275.jpg 0.456962 0.184211 0.265823 0.215789 0
1_2_826_0_1_3680043_2_966_20151113115117_532_280.jpg 0.546835 0.213158 0.313924 0.205263 0
1_2_826_0_1_3680043_2_966_20151113115456_532_290.jpg 0.522785 0.205263 0.422785 0.210526 0
1_2_826_0_1_3680043_2_966_20151113120646_532_300.jpg 0.534177 0.243421 0.354430 0.286842 0
1_2_826_0_1_3680043_2_966_20151113121341_532_310.jpg 0.511392 0.256579 0.420253 0.265789 0
1_2_826_0_1_3680043_2_966_20160413114216_904_385.jpg 0.493671 0.282895 0.592405 0.407895 0
1_2_826_0_1_3680043_2_966_20160413114305_904_390.jpg 0.446835 0.381579 0.696203 0.552632 0
1_2_826_0_1_3680043_2_966_20160413114615_904_395.jpg 0.448101 0.298684 0.551899 0.460526 0
1_2_826_0_1_3680043_2_966_20160413114859_904_400.jpg 0.431646 0.405263 0.696203 0.652632 0
1_2_826_0_1_3680043_2_966_20160413115143_904_405.jpg 0.497468 0.240789 0.549367 0.381579 0
1_2_826_0_1_3680043_2_966_20160413115156_904_410.jpg 0.492405 0.301316 0.478481 0.507895 0
1_2_826_0_1_3680043_2_966_20160413115307_904_415.jpg 0.516456 0.469737 0.967089 0.797368 0
1_2_826_0_1_3680043_2_966_20160413120025_904_425.jpg 0.421519 0.438158 0.772152 0.792105 0
1_2_826_0_1_3680043_2_966_20160413120331_904_430.jpg 0.489873 0.448684 0.949367 0.760526 0
1_2_826_0_1_3680043_2_966_20160628085715_520_22.jpg 0.448101 0.167105 0.339241 0.213158 0
1_2_826_0_1_3680043_2_966_20160628085728_520_27.jpg 0.482278 0.160526 0.210127 0.131579 0
1_2_826_0_1_3680043_2_966_20160628085833_520_32.jpg 0.555696 0.267105 0.483544 0.334211 0
1_2_826_0_1_3680043_2_966_20160628085851_520_37.jpg 0.554430 0.261842 0.475949 0.318421 0
1_2_826_0_1_3680043_2_966_20160628090122_520_42.jpg 0.482278 0.185526 0.270886 0.176316 0
1_2_826_0_1_3680043_2_966_20160628090125_520_47.jpg 0.554430 0.177632 0.298734 0.139474 0
1_2_826_0_1_3680043_2_966_20160628090501_520_52.jpg 0.553165 0.231579 0.356962 0.210526 0
1_2_826_0_1_3680043_2_966_20160628090741_520_57.jpg 0.522785 0.256579 0.432911 0.339474 0
1_2_826_0_1_3680043_2_966_20160628091004_520_62.jpg 0.510127 0.294737 0.539241 0.305263 0
1_2_826_0_1_3680043_2_966_20160628091243_520_67.jpg 0.421519 0.196053 0.341772 0.286842 0
1_2_826_0_1_3680043_2_966_20160628091524_520_77.jpg 0.531646 0.211842 0.379747 0.260526 0
1_2_826_0_1_3680043_2_966_20160628091822_520_82.jpg 0.520253 0.200000 0.407595 0.294737 0
1_2_826_0_1_3680043_2_966_20160628092152_520_87.jpg 0.548101 0.246053 0.463291 0.360526 0
1_2_826_0_1_3680043_2_966_20160628092635_520_92.jpg 0.549367 0.240789 0.465823 0.392105 0
1_2_826_0_1_3680043_2_966_20171023103556_976_185.jpg 0.445570 0.225000 0.394937 0.334211 0
1_2_826_0_1_3680043_2_966_20171023103604_976_190.jpg 0.436709 0.178947 0.367089 0.263158 0
1_2_826_0_1_3680043_2_966_20171023103759_976_210.jpg 0.427848 0.182895 0.273418 0.186842 0
1_2_826_0_1_3680043_2_966_20171023103805_976_215.jpg 0.407595 0.169737 0.379747 0.160526 0
1_2_826_0_1_3680043_2_966_20171023103838_976_235.jpg 0.440506 0.168421 0.232911 0.168421 0
1_2_826_0_1_3680043_2_966_20171023104126_976_245.jpg 0.367089 0.168421 0.318987 0.242105 0
1_2_826_0_1_3680043_2_966_20171023104338_976_250.jpg 0.427848 0.181579 0.369620 0.273684 0
1_2_826_0_1_3680043_2_966_20171023104947_976_255.jpg 0.412658 0.230263 0.394937 0.260526 0
1_2_826_0_1_3680043_2_966_20171023105325_976_260.jpg 0.408861 0.219737 0.296203 0.271053 0
1_2_826_0_1_3680043_2_966_20171023105620_976_265.jpg 0.470886 0.167105 0.303797 0.165789 0
1_2_826_0_1_3680043_2_966_20171023105900_976_270.jpg 0.398734 0.188158 0.286076 0.150000 0
H015470_20170328_ES_0_10_10.jpg 0.437975 0.242105 0.430380 0.368421 0
H015470_20170328_ES_0_11_11.jpg 0.446835 0.242105 0.498734 0.378947 0
H015470_20170328_ES_0_12_12.jpg 0.435443 0.156579 0.354430 0.228947 0
H015470_20170328_ES_0_13_13.jpg 0.445570 0.152632 0.329114 0.215789 0
H015470_20170328_ES_0_14_14.jpg 0.453165 0.157895 0.374684 0.242105 0
H015470_20170328_ES_0_15_15.jpg 0.473418 0.150000 0.329114 0.221053 0
H015470_20170328_ES_0_4_4.jpg 0.456962 0.221053 0.301266 0.273684 0
H015470_20170328_ES_0_7_7.jpg 0.418987 0.298684 0.625316 0.476316 0
H015470_20170328_ES_0_8_8.jpg 0.425316 0.239474 0.536709 0.394737 0
H023083_20150511_ES_1_10_10.jpg 0.550633 0.439474 0.772152 0.663158 1
H023083_20150511_ES_1_11_11.jpg 0.462025 0.381579 0.594937 0.463158 1
H023083_20150511_ES_1_12_12.jpg 0.503797 0.310526 0.602532 0.468421 1
H023083_20150511_ES_1_13_13.jpg 0.630380 0.557895 0.739241 0.884211 1
H023083_20150511_ES_1_2_2.jpg 0.425316 0.247368 0.324051 0.284211 1
H023083_20150511_ES_1_4_4.jpg 0.375949 0.405263 0.584810 0.684211 1
H023083_20150511_ES_1_5_5.jpg 0.436709 0.286842 0.448101 0.400000 1
H023083_20150511_ES_1_6_6.jpg 0.540506 0.250000 0.407595 0.294737 1
H023083_20150511_ES_1_7_7.jpg 0.502532 0.213158 0.448101 0.231579 1
H023083_20150511_ES_1_8_8.jpg 0.386076 0.434211 0.605063 0.563158 1
H023083_20150511_ES_1_9_9.jpg 0.315190 0.527632 0.620253 0.807895 1
H030298_20180531_ES_0_10_10.jpg 0.441772 0.231579 0.346835 0.310526 0
H030298_20180531_ES_0_11_11.jpg 0.393671 0.221053 0.281013 0.289474 0
H030298_20180531_ES_0_13_13.jpg 0.378481 0.261842 0.326582 0.392105 0
H030298_20180531_ES_0_14_14.jpg 0.453165 0.265789 0.369620 0.415789 0
H030298_20180531_ES_0_15_15.jpg 0.441772 0.267105 0.306329 0.407895 0
H030298_20180531_ES_0_16_16.jpg 0.407595 0.198684 0.313924 0.192105 0
H030298_20180531_ES_0_17_17.jpg 0.430380 0.215789 0.298734 0.178947 0
H030298_20180531_ES_0_18_18.jpg 0.432911 0.181579 0.329114 0.205263 0
H030298_20180531_ES_0_19_19.jpg 0.431646 0.172368 0.321519 0.207895 0
H030298_20180531_ES_0_3_3.jpg 0.432911 0.221053 0.339241 0.284211 0
H030298_20180531_ES_0_7_7.jpg 0.489873 0.189474 0.250633 0.205263 0
H045824_20170927_ES_0_11_11.jpg 0.402532 0.185526 0.334177 0.250000 1
H045824_20170927_ES_0_12_12.jpg 0.400000 0.177632 0.324051 0.260526 1
H045824_20170927_ES_0_16_16.jpg 0.451899 0.192105 0.346835 0.189474 1
H045824_20170927_ES_0_17_17.jpg 0.425316 0.213158 0.334177 0.289474 1
H045824_20170927_ES_0_18_18.jpg 0.402532 0.264474 0.268354 0.355263 1
H045824_20170927_ES_0_19_19.jpg 0.420253 0.231579 0.379747 0.357895 1
H045824_20170927_ES_0_4_4.jpg 0.454430 0.200000 0.306329 0.221053 1
H045824_20170927_ES_0_5_5.jpg 0.415190 0.189474 0.359494 0.242105 1
H045824_20170927_ES_0_7_7.jpg 0.470886 0.250000 0.394937 0.347368 1
H045824_20170927_ES_0_8_8.jpg 0.425316 0.239474 0.344304 0.347368 1
H102819_20180608_ES_0_10_9.jpg 0.413924 0.194737 0.301266 0.221053 1
H102819_20180608_ES_0_11_10.jpg 0.431646 0.194737 0.326582 0.226316 1
H102819_20180608_ES_0_12_11.jpg 0.456962 0.190789 0.387342 0.239474 1
H102819_20180608_ES_0_15_14.jpg 0.431646 0.168421 0.316456 0.231579 1
H102819_20180608_ES_0_16_15.jpg 0.437975 0.178947 0.359494 0.242105 1
H102819_20180608_ES_0_2_1.jpg 0.373418 0.196053 0.255696 0.250000 1
H102819_20180608_ES_0_3_2.jpg 0.403797 0.197368 0.275949 0.236842 1
H104410_20170622_ES_0_11_11.jpg 0.483544 0.159211 0.172152 0.171053 1
H104410_20170622_ES_0_14_14.jpg 0.511392 0.311842 0.481013 0.423684 1
H104410_20170622_ES_0_16_16.jpg 0.446835 0.277632 0.427848 0.402632 1
H104410_20170622_ES_0_2_2.jpg 0.344304 0.371053 0.562025 0.552632 1
H104410_20170622_ES_0_6_6.jpg 0.435443 0.375000 0.536709 0.581579 1
H104410_20170622_ES_0_7_7.jpg 0.382278 0.365789 0.450633 0.605263 1
H107745_20161005_ES_0_12_12.jpg 0.402532 0.217105 0.339241 0.297368 1
H107745_20161005_ES_0_13_13.jpg 0.389873 0.235526 0.415190 0.386842 1
H107745_20161005_ES_0_18_18.jpg 0.435443 0.228947 0.430380 0.336842 1
H107745_20161005_ES_0_19_19.jpg 0.446835 0.256579 0.402532 0.381579 1
H107745_20161005_ES_0_22_22.jpg 0.424051 0.257895 0.437975 0.284211 1
H107745_20161005_ES_0_24_24.jpg 0.362025 0.276316 0.298734 0.368421 1
H107745_20161005_ES_0_25_25.jpg 0.358228 0.268421 0.372152 0.373684 1
H107745_20161005_ES_0_26_26.jpg 0.341772 0.228947 0.288608 0.315789 1
H107745_20161005_ES_0_3_3.jpg 0.455696 0.263158 0.400000 0.384211 1
H107745_20161005_ES_0_4_4.jpg 0.401266 0.261842 0.503797 0.407895 1
H135912_20181026_ES_0_10_10.jpg 0.446835 0.161842 0.230380 0.134211 0
H135912_20181026_ES_0_11_11.jpg 0.446835 0.153947 0.245570 0.171053 0
H135912_20181026_ES_0_14_14.jpg 0.408861 0.194737 0.281013 0.226316 0
H135912_20181026_ES_0_1_1.jpg 0.424051 0.171053 0.281013 0.194737 0
H135912_20181026_ES_0_2_2.jpg 0.416456 0.139474 0.235443 0.173684 0
H135912_20181026_ES_0_4_4.jpg 0.437975 0.157895 0.278481 0.168421 0
H135912_20181026_ES_0_5_5.jpg 0.440506 0.217105 0.324051 0.313158 0
H140127_20161108_ES_0_10_10.jpg 0.394937 0.173684 0.258228 0.205263 0
H140127_20161108_ES_0_11_11.jpg 0.403797 0.165789 0.260759 0.210526 0
H140127_20161108_ES_0_13_13.jpg 0.415190 0.143421 0.273418 0.155263 0
H140127_20161108_ES_0_14_14.jpg 0.396203 0.151316 0.281013 0.150000 0
H140127_20161108_ES_0_15_15.jpg 0.465823 0.151316 0.126582 0.107895 0
H140127_20161108_ES_0_16_16.jpg 0.478481 0.136842 0.192405 0.105263 0
H140127_20161108_ES_0_17_17.jpg 0.434177 0.235526 0.296203 0.202632 0
H140127_20161108_ES_0_18_18.jpg 0.425316 0.188158 0.167089 0.150000 0
H140127_20161108_ES_0_19_19.jpg 0.408861 0.264474 0.397468 0.355263 0
H140127_20161108_ES_0_20_20.jpg 0.420253 0.193421 0.369620 0.244737 0
H140127_20161108_ES_0_21_21.jpg 0.424051 0.190789 0.422785 0.250000 0
H140127_20161108_ES_0_3_3.jpg 0.459494 0.168421 0.129114 0.152632 0
H140127_20161108_ES_0_4_4.jpg 0.410127 0.207895 0.318987 0.194737 0
H140127_20161108_ES_0_9_9.jpg 0.388608 0.228947 0.377215 0.263158 0
H157211_20170518_ES_0_12_12.jpg 0.430380 0.251316 0.521519 0.386842 1
H157211_20170518_ES_0_13_13.jpg 0.437975 0.255263 0.541772 0.442105 1
H157211_20170518_ES_0_15_15.jpg 0.431646 0.143421 0.331646 0.176316 1
H157211_20170518_ES_0_21_21.jpg 0.397468 0.165789 0.273418 0.163158 1
H157211_20170518_ES_0_22_22.jpg 0.425316 0.171053 0.207595 0.157895 1
H157211_20170518_ES_0_24_24.jpg 0.406329 0.181579 0.265823 0.205263 1
H157211_20170518_ES_0_4_4.jpg 0.421519 0.143421 0.275949 0.171053 1
H157211_20170518_ES_0_5_5.jpg 0.426582 0.159211 0.250633 0.171053 1
H157211_20170518_ES_0_9_9.jpg 0.437975 0.131579 0.283544 0.189474 1
H160326_20180222_ES_0_23_23.jpg 0.410127 0.226316 0.475949 0.342105 1
H160326_20180222_ES_0_24_24.jpg 0.417722 0.235526 0.531646 0.365789 1
H160326_20180222_ES_0_28_28.jpg 0.445570 0.230263 0.470886 0.365789 1
H160326_20180222_ES_0_30_30.jpg 0.425316 0.197368 0.420253 0.310526 1
H163968_20180104_ES_0_10_10.jpg 0.525316 0.292105 0.448101 0.468421 0
H163968_20180104_ES_0_11_11.jpg 0.355696 0.200000 0.255696 0.215789 0
H163968_20180104_ES_0_12_12.jpg 0.360759 0.188158 0.275949 0.207895 0
H163968_20180104_ES_0_4_4.jpg 0.379747 0.178947 0.182278 0.173684 0
H163968_20180104_ES_0_8_8.jpg 0.383544 0.202632 0.275949 0.205263 0
H163968_20180104_ES_0_9_9.jpg 0.424051 0.192105 0.311392 0.210526 0
H179969_20170125_ES_0_11_11.jpg 0.402532 0.182895 0.369620 0.244737 0
H179969_20170125_ES_0_12_12.jpg 0.408861 0.169737 0.351899 0.207895 0
H179969_20170125_ES_0_15_15.jpg 0.454430 0.209211 0.265823 0.228947 0
H179969_20170125_ES_0_16_16.jpg 0.353165 0.152632 0.159494 0.200000 0
H179969_20170125_ES_0_18_18.jpg 0.436709 0.190789 0.316456 0.218421 0
H179969_20170125_ES_0_23_23.jpg 0.392405 0.281579 0.354430 0.321053 0
H179969_20170125_ES_0_25_25.jpg 0.426582 0.196053 0.326582 0.207895 0
H179969_20170125_ES_0_26_26.jpg 0.415190 0.188158 0.324051 0.213158 0
H179969_20170125_ES_0_28_28.jpg 0.397468 0.200000 0.374684 0.242105 0
H179969_20170125_ES_0_4_4.jpg 0.455696 0.176316 0.400000 0.247368 0
H179969_20170125_ES_0_5_5.jpg 0.425316 0.173684 0.384810 0.263158 0
H179969_20170125_ES_0_7_7.jpg 0.402532 0.189474 0.288608 0.242105 0
H179969_20170125_ES_0_8_8.jpg 0.406329 0.209211 0.331646 0.213158 0
H185478_20171124_ES_0_11_11.jpg 0.425316 0.209211 0.410127 0.176316 0
H185478_20171124_ES_0_13_13.jpg 0.403797 0.209211 0.341772 0.318421 0
H185478_20171124_ES_0_17_17.jpg 0.413924 0.257895 0.412658 0.252632 0
H185478_20171124_ES_0_18_18.jpg 0.422785 0.240789 0.420253 0.223684 0
H185478_20171124_ES_0_19_19.jpg 0.383544 0.236842 0.397468 0.200000 0
H185478_20171124_ES_0_20_20.jpg 0.429114 0.293421 0.544304 0.471053 0
H185478_20171124_ES_0_22_22.jpg 0.364557 0.244737 0.430380 0.389474 0
H185478_20171124_ES_0_23_23.jpg 0.415190 0.209211 0.308861 0.313158 0
H185478_20171124_ES_0_3_3.jpg 0.424051 0.292105 0.407595 0.421053 0
H185478_20171124_ES_0_4_4.jpg 0.458228 0.231579 0.384810 0.347368 0
H192544_20170502_ES_0_10_10.jpg 0.446835 0.209211 0.240506 0.197368 0
H192544_20170502_ES_0_11_11.jpg 0.440506 0.219737 0.273418 0.176316 0
H192544_20170502_ES_0_12_12.jpg 0.406329 0.230263 0.407595 0.286842 0
H192544_20170502_ES_0_13_13.jpg 0.415190 0.169737 0.369620 0.160526 0
H192544_20170502_ES_0_3_3.jpg 0.392405 0.207895 0.374684 0.242105 0
H192544_20170502_ES_0_4_4.jpg 0.410127 0.214474 0.359494 0.260526 0
H192544_20170502_ES_0_5_5.jpg 0.412658 0.139474 0.248101 0.142105 0
H192544_20170502_ES_0_7_7.jpg 0.363291 0.159211 0.220253 0.207895 0
H192544_20170502_ES_0_8_8.jpg 0.394937 0.157895 0.248101 0.178947 0
H200711_20161107_ES_0_20_20.jpg 0.469620 0.203947 0.286076 0.165789 0
H200711_20161107_ES_0_21_21.jpg 0.445570 0.198684 0.420253 0.239474 0
H200711_20161107_ES_0_23_23.jpg 0.383544 0.217105 0.311392 0.260526 0
H200711_20161107_ES_0_25_25.jpg 0.418987 0.214474 0.351899 0.271053 0
H200711_20161107_ES_0_26_26.jpg 0.394937 0.263158 0.420253 0.357895 0
H200711_20161107_ES_0_5_5.jpg 0.378481 0.188158 0.210127 0.207895 0
H200711_20161107_ES_0_6_6.jpg 0.381013 0.181579 0.225316 0.205263 0
H200711_20161107_ES_0_8_8.jpg 0.365823 0.167105 0.316456 0.197368 0
H211105_20180528_ES_0_10_10.jpg 0.430380 0.257895 0.359494 0.447368 0
H211105_20180528_ES_0_11_11.jpg 0.405063 0.252632 0.369620 0.405263 0
H211105_20180528_ES_0_12_12.jpg 0.422785 0.209211 0.344304 0.265789 0
H211105_20180528_ES_0_13_13.jpg 0.424051 0.180263 0.316456 0.239474 0
H211105_20180528_ES_0_14_14.jpg 0.416456 0.186842 0.296203 0.263158 0
H211105_20180528_ES_0_15_15.jpg 0.454430 0.223684 0.270886 0.221053 0
H211105_20180528_ES_0_17_17.jpg 0.507595 0.185526 0.225316 0.223684 0
H211105_20180528_ES_0_3_3.jpg 0.401266 0.215789 0.281013 0.273684 0
H211105_20180528_ES_0_4_4.jpg 0.446835 0.217105 0.356962 0.265789 0
H211183_20170314_ES_0_11_11.jpg 0.411392 0.218421 0.437975 0.326316 0
H211183_20170314_ES_0_13_13.jpg 0.408861 0.155263 0.265823 0.152632 0
H211183_20170314_ES_0_14_14.jpg 0.405063 0.156579 0.268354 0.155263 0
H211183_20170314_ES_0_6_6.jpg 0.421519 0.226316 0.356962 0.315789 0
H211183_20170314_ES_0_7_7.jpg 0.374684 0.209211 0.420253 0.297368 0
H211183_20170314_ES_0_9_9.jpg 0.445570 0.218421 0.445570 0.331579 0
H225313_20171215_ES_0_11_11.jpg 0.354430 0.326316 0.379747 0.494737 1
H225313_20171215_ES_0_12_12.jpg 0.354430 0.302632 0.324051 0.447368 1
H225313_20171215_ES_0_15_15.jpg 0.437975 0.168421 0.339241 0.136842 1
H225313_20171215_ES_0_16_16.jpg 0.437975 0.181579 0.263291 0.136842 1
H225313_20171215_ES_0_17_17.jpg 0.451899 0.188158 0.306329 0.150000 1
H225313_20171215_ES_0_18_18.jpg 0.345570 0.327632 0.529114 0.486842 1
H225313_20171215_ES_0_20_20.jpg 0.415190 0.225000 0.354430 0.292105 1
H225313_20171215_ES_0_21_21.jpg 0.413924 0.284211 0.488608 0.415789 1
H225313_20171215_ES_0_3_3.jpg 0.440506 0.192105 0.243038 0.147368 1
H225313_20171215_ES_0_4_4.jpg 0.360759 0.192105 0.205063 0.147368 1
H268639_20150515_ES_1_3_3.jpg 0.511392 0.282895 0.617722 0.460526 1
H268639_20150515_ES_1_6_6.jpg 0.503797 0.322368 0.551899 0.486842 1
H308890_20170602_ES_0_10_10.jpg 0.470886 0.228947 0.253165 0.205263 1
H308890_20170602_ES_0_11_11.jpg 0.464557 0.238158 0.296203 0.202632 1
H308890_20170602_ES_0_13_13.jpg 0.543038 0.239474 0.286076 0.305263 1
H308890_20170602_ES_0_15_15.jpg 0.443038 0.217105 0.324051 0.286842 1
H308890_20170602_ES_0_16_16.jpg 0.502532 0.225000 0.341772 0.292105 1
H308890_20170602_ES_0_17_17.jpg 0.424051 0.215789 0.417722 0.273684 1
H308890_20170602_ES_0_18_18.jpg 0.440506 0.243421 0.324051 0.313158 1
H308890_20170602_ES_0_19_19.jpg 0.459494 0.253947 0.397468 0.339474 1
H308890_20170602_ES_0_2_2.jpg 0.365823 0.165789 0.184810 0.163158 1
H308890_20170602_ES_0_5_5.jpg 0.411392 0.331579 0.382278 0.400000 1
H308890_20170602_ES_0_6_6.jpg 0.416456 0.323684 0.367089 0.405263 1
H357760_20180125_ES_0_10_10.jpg 0.518987 0.230263 0.354430 0.318421 0
H357760_20180125_ES_0_12_12.jpg 0.441772 0.113158 0.286076 0.147368 0
H357760_20180125_ES_0_13_13.jpg 0.440506 0.110526 0.298734 0.105263 0
H357760_20180125_ES_0_14_14.jpg 0.436709 0.118421 0.281013 0.142105 0
H357760_20180125_ES_0_2_2.jpg 0.441772 0.092105 0.296203 0.110526 0
H357760_20180125_ES_0_3_3.jpg 0.424051 0.101316 0.286076 0.097368 0
H357760_20180125_ES_0_5_5.jpg 0.441772 0.151316 0.260759 0.218421 0
H357760_20180125_ES_0_6_6.jpg 0.469620 0.161842 0.301266 0.160526 0
H429551_20180403_ES_0_10_10.jpg 0.421519 0.181579 0.205063 0.178947 0
H429551_20180403_ES_0_11_11.jpg 0.410127 0.222368 0.374684 0.255263 0
H429551_20180403_ES_0_12_12.jpg 0.444304 0.203947 0.412658 0.223684 0
H429551_20180403_ES_0_13_13.jpg 0.392405 0.140789 0.222785 0.171053 0
H429551_20180403_ES_0_3_3.jpg 0.429114 0.198684 0.336709 0.202632 0
H429551_20180403_ES_0_4_4.jpg 0.448101 0.188158 0.420253 0.234211 0
H429551_20180403_ES_0_6_6.jpg 0.530380 0.186842 0.169620 0.147368 0
H429551_20180403_ES_0_7_7.jpg 0.535443 0.190789 0.235443 0.202632 0
H429551_20180403_ES_0_9_9.jpg 0.455696 0.188158 0.197468 0.186842 0
H530024_20170425_ES_0_13_13.jpg 0.489873 0.227632 0.326582 0.302632 0
H530024_20170425_ES_0_14_14.jpg 0.407595 0.197368 0.394937 0.242105 0
H530024_20170425_ES_0_15_15.jpg 0.449367 0.232895 0.362025 0.307895 0
H530024_20170425_ES_0_3_3.jpg 0.429114 0.163158 0.205063 0.200000 0
H530024_20170425_ES_0_9_9.jpg 0.468354 0.175000 0.308861 0.207895 0
H579879_20171129_ES_0_11_11.jpg 0.437975 0.227632 0.541772 0.371053 0
H579879_20171129_ES_0_12_12.jpg 0.444304 0.207895 0.498734 0.357895 0
H579879_20171129_ES_0_16_16.jpg 0.421519 0.152632 0.346835 0.178947 0
H579879_20171129_ES_0_17_17.jpg 0.443038 0.147368 0.339241 0.168421 0
H579879_20171129_ES_0_20_20.jpg 0.430380 0.236842 0.526582 0.405263 0
H579879_20171129_ES_0_21_21.jpg 0.458228 0.240789 0.536709 0.402632 0
H579879_20171129_ES_0_24_24.jpg 0.432911 0.196053 0.450633 0.239474 0
H579879_20171129_ES_0_3_3.jpg 0.402532 0.198684 0.389873 0.313158 0
H579879_20171129_ES_0_7_7.jpg 0.392405 0.181579 0.415190 0.268421 0
H588891_20180406_ES_0_10_10.jpg 0.418987 0.355263 0.741772 0.573684 0
H588891_20180406_ES_0_11_11.jpg 0.436709 0.289474 0.630380 0.452632 0
H588891_20180406_ES_0_12_12.jpg 0.468354 0.297368 0.678481 0.468421 0
H588891_20180406_ES_0_13_13.jpg 0.435443 0.264474 0.430380 0.402632 0
H588891_20180406_ES_0_5_5.jpg 0.470886 0.242105 0.541772 0.352632 0
H588891_20180406_ES_0_7_7.jpg 0.437975 0.190789 0.430380 0.281579 0
H588891_20180406_ES_0_9_9.jpg 0.410127 0.246053 0.511392 0.376316 0
H611574_20180507_ES_0_10_10.jpg 0.450633 0.271053 0.435443 0.384211 0
H611574_20180507_ES_0_11_11.jpg 0.418987 0.292105 0.458228 0.478947 0
H611574_20180507_ES_0_14_14.jpg 0.445570 0.169737 0.344304 0.171053 0
H611574_20180507_ES_0_15_15.jpg 0.455696 0.238158 0.425316 0.334211 0
H611574_20180507_ES_0_18_18.jpg 0.359494 0.215789 0.400000 0.347368 0
H611574_20180507_ES_0_19_19.jpg 0.367089 0.227632 0.384810 0.344737 0
H611574_20180507_ES_0_20_20.jpg 0.408861 0.198684 0.351899 0.260526 0
H611574_20180507_ES_0_21_21.jpg 0.363291 0.264474 0.453165 0.360526 0
H611574_20180507_ES_0_5_5.jpg 0.468354 0.319737 0.567089 0.455263 0
H611574_20180507_ES_0_6_6.jpg 0.441772 0.250000 0.488608 0.326316 0
H621224_20170321_ES_0_10_10.jpg 0.410127 0.194737 0.354430 0.247368 0
H621224_20170321_ES_0_11_11.jpg 0.432911 0.156579 0.334177 0.207895 0
H621224_20170321_ES_0_12_12.jpg 0.454430 0.267105 0.473418 0.392105 0
H621224_20170321_ES_0_2_2.jpg 0.411392 0.206579 0.387342 0.239474 0
H621224_20170321_ES_0_3_3.jpg 0.425316 0.219737 0.364557 0.302632 0
H621224_20170321_ES_0_4_4.jpg 0.360759 0.201316 0.225316 0.297368 0
H621224_20170321_ES_0_7_7.jpg 0.540506 0.272368 0.255696 0.381579 0
H621224_20170321_ES_0_8_8.jpg 0.379747 0.232895 0.339241 0.392105 0
H650730_20180530_ES_0_10_10.jpg 0.430380 0.323684 0.501266 0.468421 0
H650730_20180530_ES_0_15_15.jpg 0.392405 0.251316 0.334177 0.286842 0
H650730_20180530_ES_0_16_16.jpg 0.362025 0.235526 0.303797 0.281579 0
H650730_20180530_ES_0_19_19.jpg 0.421519 0.225000 0.260759 0.339474 0
H650730_20180530_ES_0_20_20.jpg 0.444304 0.186842 0.301266 0.247368 0
H650730_20180530_ES_0_21_21.jpg 0.443038 0.365789 0.526582 0.484211 0
H650730_20180530_ES_0_22_22.jpg 0.415190 0.221053 0.425316 0.273684 0
H650730_20180530_ES_0_4_4.jpg 0.360759 0.290789 0.443038 0.371053 0
H650730_20180530_ES_0_5_5.jpg 0.353165 0.300000 0.437975 0.421053 0
H650730_20180530_ES_0_6_6.jpg 0.306329 0.303947 0.450633 0.402632 0
H650730_20180530_ES_0_9_9.jpg 0.373418 0.294737 0.463291 0.436842 0
H658549_20180103_ES_0_11_11.jpg 0.378481 0.260526 0.407595 0.352632 0
H658549_20180103_ES_0_12_12.jpg 0.360759 0.248684 0.417722 0.355263 0
H658549_20180103_ES_0_13_13.jpg 0.381013 0.306579 0.660759 0.497368 0
H658549_20180103_ES_0_1_1.jpg 0.418987 0.317105 0.630380 0.492105 0
H658549_20180103_ES_0_2_2.jpg 0.420253 0.321053 0.582278 0.463158 0
H658549_20180103_ES_0_3_3.jpg 0.372152 0.318421 0.389873 0.336842 0
H658549_20180103_ES_0_4_4.jpg 0.329114 0.300000 0.369620 0.352632 0
H658549_20180103_ES_0_8_8.jpg 0.372152 0.261842 0.435443 0.402632 0
H658549_20180103_ES_0_9_9.jpg 0.369620 0.267105 0.435443 0.386842 0
H740633_20161116_ES_0_4_4.jpg 0.441772 0.196053 0.296203 0.244737 1
H740633_20161116_ES_0_5_5.jpg 0.430380 0.161842 0.237975 0.218421 1
H740633_20161116_ES_0_6_6.jpg 0.424051 0.159211 0.245570 0.202632 1
H740633_20161116_ES_0_8_8.jpg 0.469620 0.178947 0.189873 0.163158 1
H740633_20161116_ES_0_9_9.jpg 0.481013 0.172368 0.217722 0.165789 1
H752127_20170511_ES_0_10_10.jpg 0.348101 0.317105 0.503797 0.534211 1
H752127_20170511_ES_0_13_13.jpg 0.451899 0.294737 0.417722 0.484211 1
H752127_20170511_ES_0_14_14.jpg 0.437975 0.288158 0.359494 0.460526 1
H752127_20170511_ES_0_18_18.jpg 0.373418 0.226316 0.367089 0.357895 1
H752127_20170511_ES_0_19_19.jpg 0.396203 0.214474 0.356962 0.381579 1
H752127_20170511_ES_0_22_22.jpg 0.427848 0.231579 0.349367 0.357895 1
H752127_20170511_ES_0_23_23.jpg 0.460759 0.221053 0.359494 0.352632 1
H752127_20170511_ES_0_24_24.jpg 0.446835 0.205263 0.362025 0.336842 1
H752127_20170511_ES_0_25_25.jpg 0.422785 0.209211 0.268354 0.328947 1
H752127_20170511_ES_0_26_26.jpg 0.413924 0.194737 0.367089 0.210526 1
H752127_20170511_ES_0_28_28.jpg 0.374684 0.234211 0.455696 0.373684 1
H752127_20170511_ES_0_6_6.jpg 0.421519 0.247368 0.336709 0.268421 1
H752127_20170511_ES_0_9_9.jpg 0.320253 0.225000 0.362025 0.376316 1
H766374_20171123_ES_0_11_11.jpg 0.444304 0.240789 0.321519 0.286842 0
H766374_20171123_ES_0_12_12.jpg 0.408861 0.210526 0.362025 0.273684 0
H766374_20171123_ES_0_13_13.jpg 0.449367 0.168421 0.311392 0.215789 0
H766374_20171123_ES_0_15_15.jpg 0.451899 0.177632 0.296203 0.234211 0
H766374_20171123_ES_0_16_16.jpg 0.426582 0.178947 0.341772 0.236842 0
H766374_20171123_ES_0_19_19.jpg 0.353165 0.284211 0.569620 0.457895 0
H766374_20171123_ES_0_20_20.jpg 0.427848 0.168421 0.405063 0.210526 0
H766374_20171123_ES_0_21_21.jpg 0.440506 0.114474 0.273418 0.165789 0
H766374_20171123_ES_0_22_22.jpg 0.449367 0.147368 0.281013 0.210526 0
H766374_20171123_ES_0_24_24.jpg 0.511392 0.207895 0.162025 0.242105 0
H766374_20171123_ES_0_4_4.jpg 0.436709 0.206579 0.301266 0.165789 0
H766374_20171123_ES_0_7_7.jpg 0.422785 0.201316 0.278481 0.297368 0
H766374_20171123_ES_0_8_8.jpg 0.402532 0.115789 0.248101 0.136842 0
H775501_20170606_ES_0_10_10.jpg 0.348101 0.213158 0.189873 0.247368 1
H775501_20170606_ES_0_11_11.jpg 0.335443 0.217105 0.311392 0.250000 1
H775501_20170606_ES_0_14_14.jpg 0.392405 0.188158 0.217722 0.260526 1
H775501_20170606_ES_0_15_15.jpg 0.408861 0.239474 0.463291 0.384211 1
H775501_20170606_ES_0_16_16.jpg 0.369620 0.265789 0.364557 0.373684 1
H775501_20170606_ES_0_18_18.jpg 0.436709 0.213158 0.331646 0.242105 1
H775501_20170606_ES_0_19_19.jpg 0.369620 0.203947 0.349367 0.260526 1
H775501_20170606_ES_0_20_20.jpg 0.427848 0.210526 0.384810 0.247368 1
H775501_20170606_ES_0_21_21.jpg 0.424051 0.214474 0.422785 0.234211 1
H775501_20170606_ES_0_22_22.jpg 0.440506 0.209211 0.440506 0.250000 1
H775501_20170606_ES_0_25_25.jpg 0.372152 0.193421 0.268354 0.181579 1
H775501_20170606_ES_0_26_26.jpg 0.363291 0.192105 0.275949 0.189474 1
H775501_20170606_ES_0_27_27.jpg 0.434177 0.293421 0.488608 0.392105 1
H775501_20170606_ES_0_29_29.jpg 0.464557 0.281579 0.463291 0.394737 1
H775501_20170606_ES_0_3_3.jpg 0.422785 0.211842 0.359494 0.276316 1
H853157_20180118_ES_0_10_10.jpg 0.521519 0.236842 0.359494 0.300000 1
H853157_20180118_ES_0_15_15.jpg 0.417722 0.226316 0.288608 0.242105 1
H853157_20180118_ES_0_16_16.jpg 0.459494 0.211842 0.296203 0.234211 1
H853157_20180118_ES_0_19_19.jpg 0.454430 0.161842 0.341772 0.250000 1
H853157_20180118_ES_0_20_20.jpg 0.422785 0.186842 0.253165 0.226316 1
H853157_20180118_ES_0_4_4.jpg 0.434177 0.190789 0.286076 0.265789 1
H861587_20180320_ES_0_10_10.jpg 0.318987 0.282895 0.410127 0.450000 1
H861587_20180320_ES_0_13_13.jpg 0.387342 0.268421 0.496203 0.447368 1
H861587_20180320_ES_0_15_15.jpg 0.391139 0.261842 0.508861 0.397368 1
H861587_20180320_ES_0_16_16.jpg 0.401266 0.247368 0.529114 0.373684 1
H861587_20180320_ES_0_17_17.jpg 0.422785 0.222368 0.521519 0.371053 1
H861587_20180320_ES_0_3_3.jpg 0.368354 0.352632 0.665823 0.568421 1
H861587_20180320_ES_0_4_4.jpg 0.379747 0.319737 0.718987 0.539474 1
H861587_20180320_ES_0_6_6.jpg 0.486076 0.182895 0.313924 0.197368 1
H861587_20180320_ES_0_9_9.jpg 0.340506 0.290789 0.437975 0.450000 1
H868903_20180507_ES_0_14_14.jpg 0.406329 0.218421 0.311392 0.278947 0
H868903_20180507_ES_0_15_15.jpg 0.417722 0.223684 0.288608 0.278947 0
H868903_20180507_ES_0_3_3.jpg 0.460759 0.202632 0.364557 0.315789 0
H868903_20180507_ES_0_4_4.jpg 0.402532 0.192105 0.313924 0.278947 0
H868903_20180507_ES_0_8_8.jpg 0.393671 0.242105 0.407595 0.342105 0
H868903_20180507_ES_0_9_9.jpg 0.391139 0.271053 0.367089 0.373684 0
H912379_20170320_ES_0_13_13.jpg 0.422785 0.197368 0.232911 0.200000 1
H912379_20170320_ES_0_14_14.jpg 0.384810 0.160526 0.364557 0.257895 1
H912379_20170320_ES_0_16_16.jpg 0.416456 0.207895 0.301266 0.310526 1
H912379_20170320_ES_0_17_17.jpg 0.432911 0.206579 0.435443 0.260526 1
H912379_20170320_ES_0_18_18.jpg 0.417722 0.240789 0.384810 0.313158 1
H912379_20170320_ES_0_19_19.jpg 0.389873 0.225000 0.400000 0.318421 1
H912379_20170320_ES_0_20_20.jpg 0.420253 0.205263 0.344304 0.231579 1
H912379_20170320_ES_0_22_22.jpg 0.431646 0.198684 0.448101 0.265789 1
H912379_20170320_ES_0_4_4.jpg 0.413924 0.206579 0.412658 0.328947 1
H912379_20170320_ES_0_5_5.jpg 0.383544 0.215789 0.387342 0.352632 1
H944889_20171006_ES_0_10_10.jpg 0.439241 0.211842 0.291139 0.328947 1
H944889_20171006_ES_0_14_14.jpg 0.424051 0.159211 0.331646 0.234211 1
H944889_20171006_ES_0_15_15.jpg 0.415190 0.144737 0.288608 0.184211 1
H944889_20171006_ES_0_2_2.jpg 0.420253 0.184211 0.359494 0.252632 1
H944889_20171006_ES_0_3_3.jpg 0.432911 0.122368 0.313924 0.181579 1
H944889_20171006_ES_0_6_6.jpg 0.416456 0.156579 0.275949 0.213158 1
HA50925_20170518_ES_0_12_12.jpg 0.418987 0.139474 0.291139 0.205263 1
HA50925_20170518_ES_0_13_13.jpg 0.431646 0.148684 0.296203 0.250000 1
HA50925_20170518_ES_0_14_14.jpg 0.439241 0.150000 0.306329 0.247368 1
HA50925_20170518_ES_0_15_15.jpg 0.420253 0.180263 0.318987 0.302632 1
HA50925_20170518_ES_0_3_3.jpg 0.400000 0.138158 0.273418 0.213158 1
HA50925_20170518_ES_0_4_4.jpg 0.422785 0.160526 0.308861 0.263158 1
HA50925_20170518_ES_0_7_7.jpg 0.439241 0.153947 0.286076 0.234211 1
HA69656_20181102_ES_0_10_9.jpg 0.492405 0.302632 0.493671 0.363158 1
HA69656_20181102_ES_0_11_10.jpg 0.445570 0.146053 0.222785 0.113158 1
HA69656_20181102_ES_0_13_12.jpg 0.362025 0.177632 0.283544 0.186842 1
HA69656_20181102_ES_0_5_4.jpg 0.450633 0.217105 0.415190 0.276316 1
HA69656_20181102_ES_0_6_5.jpg 0.448101 0.215789 0.455696 0.263158 1
HA69656_20181102_ES_0_8_7.jpg 0.482278 0.344737 0.650633 0.547368 1
HA69656_20181102_ES_0_9_8.jpg 0.416456 0.413158 0.640506 0.657895 1
HC55291_20170111_ES_0_12_12.jpg 0.396203 0.186842 0.250633 0.263158 0
HC55291_20170111_ES_0_14_14.jpg 0.383544 0.143421 0.260759 0.202632 0
HC55291_20170111_ES_0_15_15.jpg 0.398734 0.173684 0.286076 0.263158 0
HC55291_20170111_ES_0_16_16.jpg 0.383544 0.142105 0.260759 0.215789 0
HC55291_20170111_ES_0_20_20.jpg 0.427848 0.176316 0.369620 0.205263 0
HC55291_20170111_ES_0_21_21.jpg 0.418987 0.169737 0.367089 0.239474 0
HC55291_20170111_ES_0_22_22.jpg 0.401266 0.192105 0.301266 0.273684 0
HC55291_20170111_ES_0_23_23.jpg 0.450633 0.244737 0.364557 0.363158 0
HC55291_20170111_ES_0_24_24.jpg 0.402532 0.214474 0.344304 0.286842 0
HC55291_20170111_ES_0_25_25.jpg 0.467089 0.178947 0.250633 0.200000 0
HC55291_20170111_ES_0_5_5.jpg 0.396203 0.207895 0.275949 0.289474 0
HC55291_20170111_ES_0_6_6.jpg 0.393671 0.215789 0.281013 0.300000 0
HC55291_20170111_ES_0_9_9.jpg 0.440506 0.276316 0.400000 0.452632 0
HD41651_20161221_ES_0_14_14.jpg 0.382278 0.163158 0.334177 0.221053 0
HD41651_20161221_ES_0_15_15.jpg 0.413924 0.226316 0.458228 0.331579 0
HD41651_20161221_ES_0_16_16.jpg 0.484810 0.248684 0.513924 0.350000 0
HD41651_20161221_ES_0_4_4.jpg 0.437975 0.153947 0.202532 0.155263 0
HD41651_20161221_ES_0_5_5.jpg 0.407595 0.138158 0.227848 0.144737 0
HD41651_20161221_ES_0_9_9.jpg 0.374684 0.181579 0.369620 0.263158 0